283384,282281,282546,282590,282333,282960,282676,283496,282938,283382,283482,282293,282534,282361,282347,282906,282241,283224,283498,283038,283478,283166,282804,283210,283228,282207,283314,282700,283458,282433,282588,279703,282594,282940,282574,283388,283208,282509,283480,282914,281813,282614,283266,282616,281807,282522,283358,282654,282373,282345,282359,283204,282317,282698,282353,283058,283046,282560,282678,282688,281809,210060,282628,282570,283488,282349,282932,282397,283176,283466,282578,283468,282656,283428,283036,283490,282986,282517,283390,282684,275255,282203,283002,282465,283470,282998,282469,282429,283312,282459
282229,282237,283068,283516,282297,282443,282772,283096,282788,283130,282784,283492,282387,281765,282876,282764,282600,283066,283112,282766,282231,282870,283386,282776,282756,282808,282423,283422,282572,282267,282275,283256,283354,283504,282738,282528,282800,282411,283360,283456,282692,283286,282806,282792,282850,282227,283072,282233,282335,282744,283102,282750,283106,283108,283060,283100,282463,283104,282752,282554,283142,283022,281895,283080,282820,282780,282239,282245
282507,282844,209876,282393,282309,282313,283396,283154,282694,283244,282706,282536,282770,282880,283332,282385,282626,282946,283348,282401,282702,282413,282263,283276,280180,283296,283148,282896,283018,282103,283512,282686,283436,283020,283452,282854,282952,282524,282520,282381,282976,283222,282157,282900
282664,282367,282638,282499,282608,283300,282487,282467,283192,282672,282992,282994,282662,282485,282996,282067,282449,283330,282427,283252,282403,282962,283308,283280,282566,283226,283242,283270,283336,282822,282375,283322,282602,283012,282518
283212,282604,282133,282213,283318,283050,283484,282734,282471,282277,282968,283092,281561,283494,282111,282225,281811,283184,282217,283316,283052,282606,282936,283054,283306,282708,283414,282828,282916,282175,282794,281815,283444,283200,282862
282558,282223,282568,282728,282740,282582,282716,282562,282477,282742,281803,282660,282473,283380,283202,279813,282161,283062,282576,282435,282736,283024,282890,282511,283324,281312,282556,282592,283206,283194,283294,282417,282415,282505
283356,282964,282189,283044,282652,282550,282455,282680,283230,282363,282489,283366,282978,282984,282852,283304,283302,282642
282235,282395,282658,282351,282287,283376,282816,282357,282910,282786,282904,283350,282407,282624,280782,282846,283326,283448,282732,282305,282580,283262,282858,282251,283424,283178,282564,283258,283010,282924,282405,282327,282836,282321,282832,282215,282622,283216,283426,282475,283250,282874,282532,282950
283218,282365,282824,282934,282087,283074,283340,283220,283000,282826,282918,282922,282930,281605,282339,282540,283152,281370,282337,283416,282552,282636,282421,283004,282650,282644,282439,283264,282548,283378
282754,283290,282243,283086,283084,283196,282441,282259,282886,283128,282301,282720,282261,282265,274135,282674,282491,282257,283070,282205,283026,282634,282283,283282,282299,283370,282722,282974,282542,283138,282343,282331,283146,282810,282724,283172,282325,282640,283150,282544,282648
283162,282311,282898,282696,282043,282712,283160,283260
247235,282369,282908,282377,282902,281805,283362,283198,283214
282790,282247,282249,282760,282798,283064,283030,283122,283432,283110,283116,282584,282209
282538,282912,282926,282503,282866,282884,282972,283368,283364,282718,282612,282630,282141
282315,282515,282493,282479,283118,282497,283008,282838,282610,281747,282425,283334
276235,282878,282842,282618,279743,282586,280636,283442,282399,283440,283028
283188,283190,281060,283320,282379,283328
282457,282431,282461,282419,281869,283186,283342,282501,282620,282513
