2016-03-31T04:26:16 280520 2016-03-30T11:28:00    15000  183    66     1  
2016-03-31T04:26:16 280560 2016-03-30T21:06:00    28100  73     116    2  
2016-03-31T04:26:16 280488 2016-03-30T08:08:00    8200   221    49     3  
2016-03-31T04:26:16 280518 2016-03-30T17:34:00    7300   6      9      4  
2016-03-31T04:26:16 280528 2016-03-30T12:15:00    6800   53     33     5  
2016-03-31T04:26:16 280346 2016-03-30T12:59:00    2500   38     2      6  
2016-03-31T04:26:16 280516 2016-03-30T11:25:00    13000  98     12     7  
2016-03-31T04:26:16 280506 2016-03-30T10:05:00    1900   2      0      8  
2016-03-31T04:26:16 280546 2016-03-30T16:06:00    11900  10     98     9  
2016-03-31T04:26:16 280544 2016-03-30T16:19:00    3800   10     2      10 
2016-03-31T04:26:16 280446 2016-03-30T14:02:00    2100   15     0      11 
2016-03-31T04:26:16 278897 2016-03-30T09:27:00    3100   27     1      12 
2016-03-31T04:26:16 280524 2016-03-30T11:57:00    2000   7      5      13 
2016-03-31T04:26:16 280512 2016-03-30T10:58:00    3100   44     32     14 
2016-03-31T04:26:16 280536 2016-03-30T13:03:00    2300   43     10     15 
2016-03-31T04:26:16 280548 2016-03-30T16:40:00    1800   20     1      16 
2016-03-31T04:26:16 280500 2016-03-30T14:39:00    2400   27     0      17 
2016-03-31T04:26:16 280542 2016-03-30T15:36:00    5700   25     56     18 
2016-03-31T04:26:16 280510 2016-03-30T10:49:00    3200   28     3      19 
2016-03-31T04:26:16 280526 2016-03-30T14:28:00    3000   19     0      20 
2016-03-31T04:26:16 280460 2016-03-30T09:16:00    1100   19     3      21 
2016-03-31T04:26:16 280440 2016-03-30T11:38:00    2100   10     10     22 
2016-03-31T04:26:16 280200 2016-03-30T13:37:00    5500   31     4      23 
2016-03-31T04:26:16 280514 2016-03-30T11:07:00    5200   90     1      24 
2016-03-31T04:26:16 280476 2016-03-30T13:44:00    2100   36     0      25 
2016-03-31T04:26:16 280033 2016-03-30T18:49:00    2200   28     0      26 
2016-03-31T04:26:16 280498 2016-03-30T10:06:00    3200   33     9      27 
2016-03-31T04:26:16 280508 2016-03-30T10:14:00    586    8      3      28 
2016-03-31T04:26:16 280538 2016-03-30T14:58:00    3000   28     14     29 
2016-03-31T04:26:16 280556 2016-03-30T18:19:00    884    11     4      30 
2016-03-31T04:26:16 274949 2016-03-30T12:05:00    2600   9      2      31 
2016-03-31T04:26:16 280552 2016-03-30T17:42:00    370    2      0      32 
2016-03-31T04:26:16 280532 2016-03-30T12:51:00    14300  88     22     33 
2016-03-31T04:26:16 280534 2016-03-30T13:01:00    667    4      1      34 
2016-03-31T04:26:16 280504 2016-03-30T10:55:00    4900   29     12     35 
2016-03-31T04:36:26 280520 2016-03-30T11:28:00    15000  183    66     1  
2016-03-31T04:36:26 280560 2016-03-30T21:06:00    28300  73     116    2  
2016-03-31T04:36:26 280488 2016-03-30T08:08:00    8200   221    49     3  
2016-03-31T04:36:26 280518 2016-03-30T17:34:00    7300   6      9      4  
2016-03-31T04:36:26 280528 2016-03-30T12:15:00    6800   53     33     5  
2016-03-31T04:36:26 280346 2016-03-30T12:59:00    2500   38     2      6  
2016-03-31T04:36:26 280516 2016-03-30T11:25:00    13100  98     12     7  
2016-03-31T04:36:26 280506 2016-03-30T10:05:00    1900   2      0      8  
2016-03-31T04:36:26 280546 2016-03-30T16:06:00    11900  10     98     9  
2016-03-31T04:36:26 280544 2016-03-30T16:19:00    3800   10     2      10 
2016-03-31T04:36:26 280446 2016-03-30T14:02:00    2100   15     0      11 
2016-03-31T04:36:26 278897 2016-03-30T09:27:00    3100   27     1      12 
2016-03-31T04:36:26 280524 2016-03-30T11:57:00    2000   7      5      13 
2016-03-31T04:36:26 280512 2016-03-30T10:58:00    3100   44     32     14 
2016-03-31T04:36:26 280536 2016-03-30T13:03:00    2300   43     10     15 
2016-03-31T04:36:26 280548 2016-03-30T16:40:00    1800   20     1      16 
2016-03-31T04:36:26 280500 2016-03-30T14:39:00    2400   27     0      17 
2016-03-31T04:36:26 280542 2016-03-30T15:36:00    5700   25     56     18 
2016-03-31T04:36:26 280510 2016-03-30T10:49:00    3200   28     3      19 
2016-03-31T04:36:26 280526 2016-03-30T14:28:00    3000   19     0      20 
2016-03-31T04:36:26 280033 2016-03-30T18:49:00    2200   28     0      21 
2016-03-31T04:36:26 280460 2016-03-30T09:16:00    1100   19     3      22 
2016-03-31T04:36:26 280440 2016-03-30T11:38:00    2100   10     10     23 
2016-03-31T04:36:26 280200 2016-03-30T13:37:00    5500   31     4      24 
2016-03-31T04:36:26 280514 2016-03-30T11:07:00    5200   90     1      25 
2016-03-31T04:36:26 280476 2016-03-30T13:44:00    2100   36     0      26 
2016-03-31T04:36:26 280498 2016-03-30T10:06:00    3200   33     9      27 
2016-03-31T04:36:26 280508 2016-03-30T10:14:00    588    8      3      28 
2016-03-31T04:36:26 280538 2016-03-30T14:58:00    3100   28     14     29 
2016-03-31T04:36:26 280556 2016-03-30T18:19:00    888    11     4      30 
2016-03-31T04:36:26 274949 2016-03-30T12:05:00    2600   9      2      31 
2016-03-31T04:36:26 280552 2016-03-30T17:42:00    371    2      0      32 
2016-03-31T04:36:26 280532 2016-03-30T12:51:00    14300  88     22     33 
2016-03-31T04:36:26 280534 2016-03-30T13:01:00    669    4      1      34 
2016-03-31T04:36:26 280504 2016-03-30T10:55:00    4900   29     12     35 
2016-03-31T04:46:36 280520 2016-03-30T11:28:00    15000  184    66     1  
2016-03-31T04:46:36 280560 2016-03-30T21:06:00    28600  74     116    2  
2016-03-31T04:46:36 280488 2016-03-30T08:08:00    8200   221    49     3  
2016-03-31T04:46:36 280518 2016-03-30T17:34:00    7400   6      9      4  
2016-03-31T04:46:36 280528 2016-03-30T12:15:00    6800   53     33     5  
2016-03-31T04:46:36 280346 2016-03-30T12:59:00    2500   39     2      6  
2016-03-31T04:46:36 280516 2016-03-30T11:25:00    13100  98     12     7  
2016-03-31T04:46:36 280506 2016-03-30T10:05:00    1900   2      0      8  
2016-03-31T04:46:36 280546 2016-03-30T16:06:00    12000  10     98     9  
2016-03-31T04:46:36 280544 2016-03-30T16:19:00    3900   10     2      10 
2016-03-31T04:46:36 280446 2016-03-30T14:02:00    2100   15     0      11 
2016-03-31T04:46:36 278897 2016-03-30T09:27:00    3100   27     1      12 
2016-03-31T04:46:36 280524 2016-03-30T11:57:00    2000   7      5      13 
2016-03-31T04:46:36 280512 2016-03-30T10:58:00    3100   45     32     14 
2016-03-31T04:46:36 280536 2016-03-30T13:03:00    2300   43     10     15 
2016-03-31T04:46:36 280548 2016-03-30T16:40:00    1800   20     1      16 
2016-03-31T04:46:36 280500 2016-03-30T14:39:00    2400   27     0      17 
2016-03-31T04:46:36 280542 2016-03-30T15:36:00    5700   25     56     18 
2016-03-31T04:46:36 280510 2016-03-30T10:49:00    3200   28     3      19 
2016-03-31T04:46:36 280526 2016-03-30T14:28:00    3000   19     0      20 
2016-03-31T04:46:36 280033 2016-03-30T18:49:00    2200   28     0      21 
2016-03-31T04:46:36 280460 2016-03-30T09:16:00    1100   19     3      22 
2016-03-31T04:46:36 280440 2016-03-30T11:38:00    2100   10     10     23 
2016-03-31T04:46:36 280200 2016-03-30T13:37:00    5500   31     4      24 
2016-03-31T04:46:36 280514 2016-03-30T11:07:00    5300   90     1      25 
2016-03-31T04:46:36 280476 2016-03-30T13:44:00    2100   36     0      26 
2016-03-31T04:46:36 280498 2016-03-30T10:06:00    3200   33     9      27 
2016-03-31T04:46:36 280508 2016-03-30T10:14:00    588    8      3      28 
2016-03-31T04:46:36 280538 2016-03-30T14:58:00    3100   28     14     29 
2016-03-31T04:46:36 280552 2016-03-30T17:42:00    372    2      0      30 
2016-03-31T04:46:36 274949 2016-03-30T12:05:00    2600   9      2      31 
2016-03-31T04:46:36 280556 2016-03-30T18:19:00    893    11     4      32 
2016-03-31T04:46:36 280532 2016-03-30T12:51:00    14300  88     22     33 
2016-03-31T04:46:36 280534 2016-03-30T13:01:00    670    4      1      34 
2016-03-31T04:46:36 280504 2016-03-30T10:55:00    4900   29     12     35 
2016-03-31T04:56:46 280520 2016-03-30T11:28:00    15100  184    66     1  
2016-03-31T04:56:46 280560 2016-03-30T21:06:00    28800  74     116    2  
2016-03-31T04:56:46 280488 2016-03-30T08:08:00    8200   221    49     3  
2016-03-31T04:56:46 280518 2016-03-30T17:34:00    7400   6      9      4  
2016-03-31T04:56:46 280528 2016-03-30T12:15:00    6800   53     33     5  
2016-03-31T04:56:46 280346 2016-03-30T12:59:00    2500   39     2      6  
2016-03-31T04:56:46 280516 2016-03-30T11:25:00    13100  98     12     7  
2016-03-31T04:56:46 280506 2016-03-30T10:05:00    1900   2      0      8  
2016-03-31T04:56:46 280546 2016-03-30T16:06:00    12000  10     98     9  
2016-03-31T04:56:46 280544 2016-03-30T16:19:00    3900   10     2      10 
2016-03-31T04:56:46 280446 2016-03-30T14:02:00    2100   15     0      11 
2016-03-31T04:56:46 278897 2016-03-30T09:27:00    3100   27     1      12 
2016-03-31T04:56:46 280524 2016-03-30T11:57:00    2000   7      5      13 
2016-03-31T04:56:46 280512 2016-03-30T10:58:00    3100   45     32     14 
2016-03-31T04:56:46 280536 2016-03-30T13:03:00    2300   43     10     15 
2016-03-31T04:56:46 280548 2016-03-30T16:40:00    1800   20     1      16 
2016-03-31T04:56:46 280500 2016-03-30T14:39:00    2400   27     0      17 
2016-03-31T04:56:46 280542 2016-03-30T15:36:00    5700   25     56     18 
2016-03-31T04:56:46 280510 2016-03-30T10:49:00    3200   28     3      19 
2016-03-31T04:56:46 280526 2016-03-30T14:28:00    3000   19     0      20 
2016-03-31T04:56:46 280033 2016-03-30T18:49:00    2200   28     0      21 
2016-03-31T04:56:46 280460 2016-03-30T09:16:00    1100   19     3      22 
2016-03-31T04:56:46 280440 2016-03-30T11:38:00    2100   10     10     23 
2016-03-31T04:56:46 280200 2016-03-30T13:37:00    5500   31     4      24 
2016-03-31T04:56:46 280514 2016-03-30T11:07:00    5300   90     1      25 
2016-03-31T04:56:46 280476 2016-03-30T13:44:00    2100   36     0      26 
2016-03-31T04:56:46 280498 2016-03-30T10:06:00    3200   33     9      27 
2016-03-31T04:56:46 280508 2016-03-30T10:14:00    588    8      3      28 
2016-03-31T04:56:46 280538 2016-03-30T14:58:00    3100   28     14     29 
2016-03-31T04:56:46 280552 2016-03-30T17:42:00    375    2      0      30 
2016-03-31T04:56:46 274949 2016-03-30T12:05:00    2600   9      2      31 
2016-03-31T04:56:46 280556 2016-03-30T18:19:00    900    11     4      32 
2016-03-31T04:56:46 280532 2016-03-30T12:51:00    14300  88     22     33 
2016-03-31T04:56:46 280534 2016-03-30T13:01:00    671    4      1      34 
2016-03-31T04:56:46 280504 2016-03-30T10:55:00    4900   29     12     35 
2016-03-31T05:07:00 280520 2016-03-30T11:28:00    15100  184    66     1  
2016-03-31T05:07:00 280560 2016-03-30T21:06:00    29000  74     116    2  
2016-03-31T05:07:00 280488 2016-03-30T08:08:00    8200   221    49     3  
2016-03-31T05:07:00 280518 2016-03-30T17:34:00    7400   6      9      4  
2016-03-31T05:07:00 280528 2016-03-30T12:15:00    6900   53     33     5  
2016-03-31T05:07:00 280346 2016-03-30T12:59:00    2500   39     2      6  
2016-03-31T05:07:00 280516 2016-03-30T11:25:00    13100  98     12     7  
2016-03-31T05:07:00 280506 2016-03-30T10:05:00    1900   2      0      8  
2016-03-31T05:07:00 280546 2016-03-30T16:06:00    12000  10     98     9  
2016-03-31T05:07:00 280544 2016-03-30T16:19:00    3900   10     2      10 
2016-03-31T05:07:00 280446 2016-03-30T14:02:00    2100   15     0      11 
2016-03-31T05:07:00 278897 2016-03-30T09:27:00    3100   28     1      12 
2016-03-31T05:07:00 280524 2016-03-30T11:57:00    2000   7      5      13 
2016-03-31T05:07:00 280512 2016-03-30T10:58:00    3100   45     32     14 
2016-03-31T05:07:00 280536 2016-03-30T13:03:00    2300   43     10     15 
2016-03-31T05:07:00 280548 2016-03-30T16:40:00    1800   20     1      16 
2016-03-31T05:07:00 280500 2016-03-30T14:39:00    2400   27     0      17 
2016-03-31T05:07:00 280542 2016-03-30T15:36:00    5700   25     56     18 
2016-03-31T05:07:00 280510 2016-03-30T10:49:00    3200   28     3      19 
2016-03-31T05:07:00 280526 2016-03-30T14:28:00    3100   19     0      20 
2016-03-31T05:07:00 280033 2016-03-30T18:49:00    2300   28     0      21 
2016-03-31T05:07:00 280460 2016-03-30T09:16:00    1100   19     3      22 
2016-03-31T05:07:00 280440 2016-03-30T11:38:00    2100   10     10     23 
2016-03-31T05:07:00 280200 2016-03-30T13:37:00    5500   31     4      24 
2016-03-31T05:07:00 280514 2016-03-30T11:07:00    5300   90     1      25 
2016-03-31T05:07:00 280476 2016-03-30T13:44:00    2100   37     0      26 
2016-03-31T05:07:00 280498 2016-03-30T10:06:00    3200   34     9      27 
2016-03-31T05:07:00 280508 2016-03-30T10:14:00    588    8      3      28 
2016-03-31T05:07:00 280538 2016-03-30T14:58:00    3100   28     14     29 
2016-03-31T05:07:00 280552 2016-03-30T17:42:00    375    2      0      30 
2016-03-31T05:07:00 274949 2016-03-30T12:05:00    2600   9      2      31 
2016-03-31T05:07:00 280556 2016-03-30T18:19:00    900    11     4      32 
2016-03-31T05:07:00 280532 2016-03-30T12:51:00    14300  89     22     33 
2016-03-31T05:07:00 280534 2016-03-30T13:01:00    674    4      1      34 
2016-03-31T05:07:00 280504 2016-03-30T10:55:00    4900   29     12     35 
2016-03-31T05:17:09 280520 2016-03-30T11:28:00    15100  184    66     1  
2016-03-31T05:17:09 280560 2016-03-30T21:06:00    29300  74     116    2  
2016-03-31T05:17:09 280488 2016-03-30T08:08:00    8200   221    49     3  
2016-03-31T05:17:09 280518 2016-03-30T17:34:00    7400   6      9      4  
2016-03-31T05:17:09 280528 2016-03-30T12:15:00    6900   53     33     5  
2016-03-31T05:17:09 280346 2016-03-30T12:59:00    2500   39     2      6  
2016-03-31T05:17:09 280516 2016-03-30T11:25:00    13200  98     12     7  
2016-03-31T05:17:09 280506 2016-03-30T10:05:00    1900   2      0      8  
2016-03-31T05:17:09 280546 2016-03-30T16:06:00    12100  10     98     9  
2016-03-31T05:17:09 280544 2016-03-30T16:19:00    3900   10     2      10 
2016-03-31T05:17:09 280446 2016-03-30T14:02:00    2100   15     0      11 
2016-03-31T05:17:09 278897 2016-03-30T09:27:00    3100   28     1      12 
2016-03-31T05:17:09 280524 2016-03-30T11:57:00    2000   7      5      13 
2016-03-31T05:17:09 280512 2016-03-30T10:58:00    3100   45     32     14 
2016-03-31T05:17:09 280536 2016-03-30T13:03:00    2300   43     10     15 
2016-03-31T05:17:09 280548 2016-03-30T16:40:00    1800   20     1      16 
2016-03-31T05:17:09 280500 2016-03-30T14:39:00    2400   27     0      17 
2016-03-31T05:17:09 280542 2016-03-30T15:36:00    5700   25     56     18 
2016-03-31T05:17:09 280510 2016-03-30T10:49:00    3200   28     3      19 
2016-03-31T05:17:09 280526 2016-03-30T14:28:00    3100   19     0      20 
2016-03-31T05:17:09 280033 2016-03-30T18:49:00    2300   28     0      21 
2016-03-31T05:17:09 280460 2016-03-30T09:16:00    1100   19     3      22 
2016-03-31T05:17:09 280440 2016-03-30T11:38:00    2100   10     10     23 
2016-03-31T05:17:09 280200 2016-03-30T13:37:00    5500   31     4      24 
2016-03-31T05:17:09 280514 2016-03-30T11:07:00    5300   90     1      25 
2016-03-31T05:17:09 280476 2016-03-30T13:44:00    2100   37     0      26 
2016-03-31T05:17:09 280498 2016-03-30T10:06:00    3200   34     9      27 
2016-03-31T05:17:09 280508 2016-03-30T10:14:00    588    8      3      28 
2016-03-31T05:17:09 280538 2016-03-30T14:58:00    3100   28     14     29 
2016-03-31T05:17:09 280552 2016-03-30T17:42:00    376    2      0      30 
2016-03-31T05:17:09 274949 2016-03-30T12:05:00    2600   9      2      31 
2016-03-31T05:17:09 280556 2016-03-30T18:19:00    906    11     4      32 
2016-03-31T05:17:09 280532 2016-03-30T12:51:00    14400  89     22     33 
2016-03-31T05:17:09 280534 2016-03-30T13:01:00    676    4      1      34 
2016-03-31T05:17:09 280504 2016-03-30T10:55:00    4900   29     12     35 
2016-03-31T05:27:19 280520 2016-03-30T11:28:00    15100  185    66     1  
2016-03-31T05:27:19 280560 2016-03-30T21:06:00    29500  74     116    2  
2016-03-31T05:27:19 280488 2016-03-30T08:08:00    8200   221    49     3  
2016-03-31T05:27:19 280518 2016-03-30T17:34:00    7400   6      9      4  
2016-03-31T05:27:19 280528 2016-03-30T12:15:00    6900   53     33     5  
2016-03-31T05:27:19 280346 2016-03-30T12:59:00    2500   39     2      6  
2016-03-31T05:27:19 280516 2016-03-30T11:25:00    13200  98     12     7  
2016-03-31T05:27:19 280506 2016-03-30T10:05:00    1900   2      0      8  
2016-03-31T05:27:19 280546 2016-03-30T16:06:00    12100  10     98     9  
2016-03-31T05:27:19 280544 2016-03-30T16:19:00    3900   10     2      10 
2016-03-31T05:27:19 280446 2016-03-30T14:02:00    2100   15     0      11 
2016-03-31T05:27:19 278897 2016-03-30T09:27:00    3100   28     1      12 
2016-03-31T05:27:19 280524 2016-03-30T11:57:00    2000   7      5      13 
2016-03-31T05:27:19 280512 2016-03-30T10:58:00    3100   45     32     14 
2016-03-31T05:27:19 280536 2016-03-30T13:03:00    2300   43     10     15 
2016-03-31T05:27:19 280548 2016-03-30T16:40:00    1800   20     1      16 
2016-03-31T05:27:19 280500 2016-03-30T14:39:00    2500   27     0      17 
2016-03-31T05:27:19 280542 2016-03-30T15:36:00    5800   25     56     18 
2016-03-31T05:27:19 280510 2016-03-30T10:49:00    3200   28     3      19 
2016-03-31T05:27:19 280526 2016-03-30T14:28:00    3100   19     0      20 
2016-03-31T05:27:19 280033 2016-03-30T18:49:00    2300   28     1      21 
2016-03-31T05:27:19 280460 2016-03-30T09:16:00    1100   19     3      22 
2016-03-31T05:27:19 280440 2016-03-30T11:38:00    2100   10     10     23 
2016-03-31T05:27:19 280200 2016-03-30T13:37:00    5500   31     4      24 
2016-03-31T05:27:19 280514 2016-03-30T11:07:00    5300   90     1      25 
2016-03-31T05:27:19 280476 2016-03-30T13:44:00    2200   37     0      26 
2016-03-31T05:27:19 280498 2016-03-30T10:06:00    3200   34     9      27 
2016-03-31T05:27:19 280508 2016-03-30T10:14:00    588    8      3      28 
2016-03-31T05:27:19 280538 2016-03-30T14:58:00    3100   28     14     29 
2016-03-31T05:27:19 280552 2016-03-30T17:42:00    379    2      0      30 
2016-03-31T05:27:19 274949 2016-03-30T12:05:00    2600   9      2      31 
2016-03-31T05:27:19 280556 2016-03-30T18:19:00    911    11     4      32 
2016-03-31T05:27:19 280532 2016-03-30T12:51:00    14400  90     22     33 
2016-03-31T05:27:19 280534 2016-03-30T13:01:00    677    4      1      34 
2016-03-31T05:27:19 280504 2016-03-30T10:55:00    4900   29     12     35 
2016-03-31T05:37:30 280520 2016-03-30T11:28:00    15200  185    66     1  
2016-03-31T05:37:30 280560 2016-03-30T21:06:00    29800  74     116    2  
2016-03-31T05:37:30 280488 2016-03-30T08:08:00    8300   222    49     3  
2016-03-31T05:37:30 280518 2016-03-30T17:34:00    7400   6      9      4  
2016-03-31T05:37:30 280528 2016-03-30T12:15:00    6900   53     33     5  
2016-03-31T05:37:30 280346 2016-03-30T12:59:00    2500   39     2      6  
2016-03-31T05:37:30 280516 2016-03-30T11:25:00    13200  98     12     7  
2016-03-31T05:37:30 280506 2016-03-30T10:05:00    1900   2      0      8  
2016-03-31T05:37:30 280546 2016-03-30T16:06:00    12100  10     98     9  
2016-03-31T05:37:30 280544 2016-03-30T16:19:00    3900   10     2      10 
2016-03-31T05:37:30 280446 2016-03-30T14:02:00    2100   15     0      11 
2016-03-31T05:37:30 278897 2016-03-30T09:27:00    3100   28     1      12 
2016-03-31T05:37:30 280524 2016-03-30T11:57:00    2000   7      5      13 
2016-03-31T05:37:30 280512 2016-03-30T10:58:00    3100   45     32     14 
2016-03-31T05:37:30 280536 2016-03-30T13:03:00    2300   43     10     15 
2016-03-31T05:37:30 280548 2016-03-30T16:40:00    1800   20     1      16 
2016-03-31T05:37:30 280500 2016-03-30T14:39:00    2500   27     0      17 
2016-03-31T05:37:30 280542 2016-03-30T15:36:00    5800   25     56     18 
2016-03-31T05:37:30 280510 2016-03-30T10:49:00    3200   28     3      19 
2016-03-31T05:37:30 280526 2016-03-30T14:28:00    3100   19     0      20 
2016-03-31T05:37:30 280033 2016-03-30T18:49:00    2400   28     1      21 
2016-03-31T05:37:30 280460 2016-03-30T09:16:00    1100   19     3      22 
2016-03-31T05:37:30 280440 2016-03-30T11:38:00    2100   10     10     23 
2016-03-31T05:37:30 280200 2016-03-30T13:37:00    5500   31     4      24 
2016-03-31T05:37:30 280514 2016-03-30T11:07:00    5300   90     1      25 
2016-03-31T05:37:30 280476 2016-03-30T13:44:00    2200   38     0      26 
2016-03-31T05:37:30 280498 2016-03-30T10:06:00    3200   34     9      27 
2016-03-31T05:37:30 280508 2016-03-30T10:14:00    589    8      3      28 
2016-03-31T05:37:30 280538 2016-03-30T14:58:00    3100   28     14     29 
2016-03-31T05:37:30 280552 2016-03-30T17:42:00    380    2      0      30 
2016-03-31T05:37:30 274949 2016-03-30T12:05:00    2600   9      2      31 
2016-03-31T05:37:30 280556 2016-03-30T18:19:00    920    11     4      32 
2016-03-31T05:37:30 280532 2016-03-30T12:51:00    14400  90     22     33 
2016-03-31T05:37:30 280534 2016-03-30T13:01:00    679    4      1      34 
2016-03-31T05:37:30 280504 2016-03-30T10:55:00    4900   29     12     35 
2016-03-31T05:47:40 280520 2016-03-30T11:28:00    15200  185    66     1  
2016-03-31T05:47:40 280560 2016-03-30T21:06:00    30200  75     116    2  
2016-03-31T05:47:40 280488 2016-03-30T08:08:00    8300   222    49     3  
2016-03-31T05:47:40 280518 2016-03-30T17:34:00    7500   6      9      4  
2016-03-31T05:47:40 280528 2016-03-30T12:15:00    6900   53     33     5  
2016-03-31T05:47:40 280346 2016-03-30T12:59:00    2500   39     2      6  
2016-03-31T05:47:40 280516 2016-03-30T11:25:00    13200  98     12     7  
2016-03-31T05:47:40 280506 2016-03-30T10:05:00    1900   2      0      8  
2016-03-31T05:47:40 280546 2016-03-30T16:06:00    12100  10     98     9  
2016-03-31T05:47:40 280544 2016-03-30T16:19:00    4000   11     2      10 
2016-03-31T05:47:40 280446 2016-03-30T14:02:00    2100   15     0      11 
2016-03-31T05:47:40 278897 2016-03-30T09:27:00    3100   28     1      12 
2016-03-31T05:47:40 280524 2016-03-30T11:57:00    2000   7      5      13 
2016-03-31T05:47:40 280512 2016-03-30T10:58:00    3100   45     32     14 
2016-03-31T05:47:40 280536 2016-03-30T13:03:00    2300   43     10     15 
2016-03-31T05:47:40 280548 2016-03-30T16:40:00    1800   20     1      16 
2016-03-31T05:47:40 280500 2016-03-30T14:39:00    2500   28     0      17 
2016-03-31T05:47:40 280542 2016-03-30T15:36:00    5800   25     56     18 
2016-03-31T05:47:40 280510 2016-03-30T10:49:00    3200   28     3      19 
2016-03-31T05:47:40 280526 2016-03-30T14:28:00    3100   19     0      20 
2016-03-31T05:47:40 280033 2016-03-30T18:49:00    2400   28     1      21 
2016-03-31T05:47:40 280460 2016-03-30T09:16:00    1100   19     3      22 
2016-03-31T05:47:40 280440 2016-03-30T11:38:00    2100   10     10     23 
2016-03-31T05:47:40 280200 2016-03-30T13:37:00    5500   31     4      24 
2016-03-31T05:47:40 280514 2016-03-30T11:07:00    5300   90     1      25 
2016-03-31T05:47:40 280476 2016-03-30T13:44:00    2200   39     0      26 
2016-03-31T05:47:40 280498 2016-03-30T10:06:00    3200   34     9      27 
2016-03-31T05:47:40 280508 2016-03-30T10:14:00    592    8      3      28 
2016-03-31T05:47:40 280538 2016-03-30T14:58:00    3100   28     14     29 
2016-03-31T05:47:40 280552 2016-03-30T17:42:00    381    2      0      30 
2016-03-31T05:47:40 274949 2016-03-30T12:05:00    2600   9      2      31 
2016-03-31T05:47:40 280556 2016-03-30T18:19:00    921    12     4      32 
2016-03-31T05:47:40 280532 2016-03-30T12:51:00    14400  90     22     33 
2016-03-31T05:47:40 280534 2016-03-30T13:01:00    680    4      1      34 
2016-03-31T05:47:40 280504 2016-03-30T10:55:00    4900   29     12     35 
2016-03-31T05:57:50 280520 2016-03-30T11:28:00    15200  185    66     1  
2016-03-31T05:57:50 280560 2016-03-30T21:06:00    30400  75     116    2  
2016-03-31T05:57:50 280488 2016-03-30T08:08:00    8300   223    49     3  
2016-03-31T05:57:50 280518 2016-03-30T17:34:00    7500   6      9      4  
2016-03-31T05:57:50 280528 2016-03-30T12:15:00    6900   53     33     5  
2016-03-31T05:57:50 280346 2016-03-30T12:59:00    2500   39     2      6  
2016-03-31T05:57:50 280516 2016-03-30T11:25:00    13200  98     12     7  
2016-03-31T05:57:50 280506 2016-03-30T10:05:00    1900   2      0      8  
2016-03-31T05:57:50 280546 2016-03-30T16:06:00    12200  10     98     9  
2016-03-31T05:57:50 280544 2016-03-30T16:19:00    4000   11     2      10 
2016-03-31T05:57:50 280446 2016-03-30T14:02:00    2100   15     0      11 
2016-03-31T05:57:50 278897 2016-03-30T09:27:00    3100   28     1      12 
2016-03-31T05:57:50 280524 2016-03-30T11:57:00    2000   7      5      13 
2016-03-31T05:57:50 280512 2016-03-30T10:58:00    3100   45     32     14 
2016-03-31T05:57:50 280536 2016-03-30T13:03:00    2300   43     10     15 
2016-03-31T05:57:50 280542 2016-03-30T15:36:00    5800   25     56     16 
2016-03-31T05:57:50 280548 2016-03-30T16:40:00    1900   20     1      17 
2016-03-31T05:57:50 280500 2016-03-30T14:39:00    2500   28     0      18 
2016-03-31T05:57:50 280510 2016-03-30T10:49:00    3200   28     3      19 
2016-03-31T05:57:50 280526 2016-03-30T14:28:00    3100   19     0      20 
2016-03-31T05:57:50 280033 2016-03-30T18:49:00    2500   29     2      21 
2016-03-31T05:57:50 280460 2016-03-30T09:16:00    1100   19     3      22 
2016-03-31T05:57:50 280440 2016-03-30T11:38:00    2100   10     10     23 
2016-03-31T05:57:50 280200 2016-03-30T13:37:00    5500   31     4      24 
2016-03-31T05:57:50 280514 2016-03-30T11:07:00    5300   90     1      25 
2016-03-31T05:57:50 280476 2016-03-30T13:44:00    2200   39     0      26 
2016-03-31T05:57:50 280498 2016-03-30T10:06:00    3200   34     9      27 
2016-03-31T05:57:50 280508 2016-03-30T10:14:00    592    8      3      28 
2016-03-31T05:57:50 280538 2016-03-30T14:58:00    3100   28     14     29 
2016-03-31T05:57:50 280552 2016-03-30T17:42:00    382    2      0      30 
2016-03-31T05:57:50 274949 2016-03-30T12:05:00    2600   9      2      31 
2016-03-31T05:57:50 280556 2016-03-30T18:19:00    924    12     4      32 
2016-03-31T05:57:50 280532 2016-03-30T12:51:00    14400  90     22     33 
2016-03-31T05:57:50 280534 2016-03-30T13:01:00    683    4      1      34 
2016-03-31T05:57:50 280504 2016-03-30T10:55:00    4900   29     12     35 
2016-03-31T06:07:59 280520 2016-03-30T11:28:00    15200  185    66     1  
2016-03-31T06:07:59 280560 2016-03-30T21:06:00    30900  76     116    2  
2016-03-31T06:07:59 280488 2016-03-30T08:08:00    8300   224    49     3  
2016-03-31T06:07:59 280518 2016-03-30T17:34:00    7500   6      9      4  
2016-03-31T06:07:59 280528 2016-03-30T12:15:00    6900   53     33     5  
2016-03-31T06:07:59 280346 2016-03-30T12:59:00    2500   39     2      6  
2016-03-31T06:07:59 280516 2016-03-30T11:25:00    13300  98     12     7  
2016-03-31T06:07:59 280506 2016-03-30T10:05:00    1900   2      0      8  
2016-03-31T06:07:59 280546 2016-03-30T16:06:00    12200  10     98     9  
2016-03-31T06:07:59 280544 2016-03-30T16:19:00    4000   11     2      10 
2016-03-31T06:07:59 280446 2016-03-30T14:02:00    2100   15     0      11 
2016-03-31T06:07:59 278897 2016-03-30T09:27:00    3100   28     1      12 
2016-03-31T06:07:59 280524 2016-03-30T11:57:00    2000   7      5      13 
2016-03-31T06:07:59 280512 2016-03-30T10:58:00    3100   45     32     14 
2016-03-31T06:07:59 280536 2016-03-30T13:03:00    2300   43     10     15 
2016-03-31T06:07:59 280542 2016-03-30T15:36:00    5800   25     56     16 
2016-03-31T06:07:59 280548 2016-03-30T16:40:00    1900   20     1      17 
2016-03-31T06:07:59 280500 2016-03-30T14:39:00    2500   28     0      18 
2016-03-31T06:07:59 280510 2016-03-30T10:49:00    3200   28     3      19 
2016-03-31T06:07:59 280526 2016-03-30T14:28:00    3100   19     0      20 
2016-03-31T06:07:59 280033 2016-03-30T18:49:00    2500   29     2      21 
2016-03-31T06:07:59 280460 2016-03-30T09:16:00    1100   19     3      22 
2016-03-31T06:07:59 280440 2016-03-30T11:38:00    2100   10     10     23 
2016-03-31T06:07:59 280200 2016-03-30T13:37:00    5600   31     4      24 
2016-03-31T06:07:59 280514 2016-03-30T11:07:00    5300   90     1      25 
2016-03-31T06:07:59 280476 2016-03-30T13:44:00    2200   40     0      26 
2016-03-31T06:07:59 280498 2016-03-30T10:06:00    3200   34     9      27 
2016-03-31T06:07:59 280508 2016-03-30T10:14:00    592    8      3      28 
2016-03-31T06:07:59 280538 2016-03-30T14:58:00    3100   28     14     29 
2016-03-31T06:07:59 280552 2016-03-30T17:42:00    384    2      0      30 
2016-03-31T06:07:59 274949 2016-03-30T12:05:00    2600   9      2      31 
2016-03-31T06:07:59 280556 2016-03-30T18:19:00    928    12     4      32 
2016-03-31T06:07:59 280532 2016-03-30T12:51:00    14500  90     22     33 
2016-03-31T06:07:59 280534 2016-03-30T13:01:00    684    4      1      34 
2016-03-31T06:07:59 280504 2016-03-30T10:55:00    4900   29     12     35 
2016-03-31T06:18:09 280520 2016-03-30T11:28:00    15300  186    66     1  
2016-03-31T06:18:09 280560 2016-03-30T21:06:00    31200  78     116    2  
2016-03-31T06:18:09 280488 2016-03-30T08:08:00    8300   224    49     3  
2016-03-31T06:18:09 280518 2016-03-30T17:34:00    7500   6      9      4  
2016-03-31T06:18:09 280528 2016-03-30T12:15:00    6900   53     34     5  
2016-03-31T06:18:09 280346 2016-03-30T12:59:00    2500   39     2      6  
2016-03-31T06:18:09 280516 2016-03-30T11:25:00    13300  98     12     7  
2016-03-31T06:18:09 280506 2016-03-30T10:05:00    1900   2      0      8  
2016-03-31T06:18:09 280546 2016-03-30T16:06:00    12300  10     98     9  
2016-03-31T06:18:09 280544 2016-03-30T16:19:00    4000   11     2      10 
2016-03-31T06:18:09 280446 2016-03-30T14:02:00    2100   15     0      11 
2016-03-31T06:18:09 278897 2016-03-30T09:27:00    3100   28     1      12 
2016-03-31T06:18:09 280524 2016-03-30T11:57:00    2000   7      5      13 
2016-03-31T06:18:09 280512 2016-03-30T10:58:00    3100   45     32     14 
2016-03-31T06:18:09 280536 2016-03-30T13:03:00    2300   43     10     15 
2016-03-31T06:18:09 280542 2016-03-30T15:36:00    5800   26     56     16 
2016-03-31T06:18:09 280548 2016-03-30T16:40:00    1900   20     1      17 
2016-03-31T06:18:09 280500 2016-03-30T14:39:00    2500   28     0      18 
2016-03-31T06:18:09 280510 2016-03-30T10:49:00    3200   28     3      19 
2016-03-31T06:18:09 280526 2016-03-30T14:28:00    3100   19     0      20 
2016-03-31T06:18:09 280033 2016-03-30T18:49:00    2500   29     2      21 
2016-03-31T06:18:09 280460 2016-03-30T09:16:00    1100   19     3      22 
2016-03-31T06:18:09 280440 2016-03-30T11:38:00    2100   10     10     23 
2016-03-31T06:18:09 280200 2016-03-30T13:37:00    5600   32     4      24 
2016-03-31T06:18:09 280514 2016-03-30T11:07:00    5300   90     1      25 
2016-03-31T06:18:09 280476 2016-03-30T13:44:00    2300   40     0      26 
2016-03-31T06:18:09 280498 2016-03-30T10:06:00    3200   34     9      27 
2016-03-31T06:18:09 280508 2016-03-30T10:14:00    592    8      3      28 
2016-03-31T06:18:09 280538 2016-03-30T14:58:00    3100   28     14     29 
2016-03-31T06:18:09 280552 2016-03-30T17:42:00    386    2      0      30 
2016-03-31T06:18:09 274949 2016-03-30T12:05:00    2600   9      2      31 
2016-03-31T06:18:09 280556 2016-03-30T18:19:00    933    12     4      32 
2016-03-31T06:18:09 280532 2016-03-30T12:51:00    14500  90     22     33 
2016-03-31T06:18:09 280534 2016-03-30T13:01:00    685    4      1      34 
2016-03-31T06:18:09 280504 2016-03-30T10:55:00    4900   29     12     35 
2016-03-31T06:28:18 280520 2016-03-30T11:28:00    15300  187    66     1  
2016-03-31T06:28:18 280560 2016-03-30T21:06:00    31600  78     117    2  
2016-03-31T06:28:18 280488 2016-03-30T08:08:00    8300   224    49     3  
2016-03-31T06:28:18 280518 2016-03-30T17:34:00    7600   6      9      4  
2016-03-31T06:28:18 280528 2016-03-30T12:15:00    7000   53     34     5  
2016-03-31T06:28:18 280346 2016-03-30T12:59:00    2500   39     2      6  
2016-03-31T06:28:18 280516 2016-03-30T11:25:00    13300  98     12     7  
2016-03-31T06:28:18 280506 2016-03-30T10:05:00    1900   2      0      8  
2016-03-31T06:28:18 280546 2016-03-30T16:06:00    12300  10     99     9  
2016-03-31T06:28:18 280544 2016-03-30T16:19:00    4000   11     2      10 
2016-03-31T06:28:18 280446 2016-03-30T14:02:00    2100   15     0      11 
2016-03-31T06:28:18 278897 2016-03-30T09:27:00    3100   28     1      12 
2016-03-31T06:28:18 280524 2016-03-30T11:57:00    2000   7      5      13 
2016-03-31T06:28:18 280512 2016-03-30T10:58:00    3100   46     32     14 
2016-03-31T06:28:18 280536 2016-03-30T13:03:00    2300   43     10     15 
2016-03-31T06:28:18 280542 2016-03-30T15:36:00    5800   26     56     16 
2016-03-31T06:28:18 280548 2016-03-30T16:40:00    1900   20     1      17 
2016-03-31T06:28:18 280500 2016-03-30T14:39:00    2500   28     0      18 
2016-03-31T06:28:18 280510 2016-03-30T10:49:00    3200   28     3      19 
2016-03-31T06:28:18 280526 2016-03-30T14:28:00    3100   19     0      20 
2016-03-31T06:28:18 280033 2016-03-30T18:49:00    2600   29     2      21 
2016-03-31T06:28:18 280460 2016-03-30T09:16:00    1100   19     3      22 
2016-03-31T06:28:18 280440 2016-03-30T11:38:00    2100   10     10     23 
2016-03-31T06:28:18 280200 2016-03-30T13:37:00    5600   32     4      24 
2016-03-31T06:28:18 280514 2016-03-30T11:07:00    5300   90     1      25 
2016-03-31T06:28:18 280476 2016-03-30T13:44:00    2300   41     0      26 
2016-03-31T06:28:18 280498 2016-03-30T10:06:00    3200   34     9      27 
2016-03-31T06:28:18 280508 2016-03-30T10:14:00    594    8      3      28 
2016-03-31T06:28:18 280538 2016-03-30T14:58:00    3100   28     14     29 
2016-03-31T06:28:18 280552 2016-03-30T17:42:00    386    2      0      30 
2016-03-31T06:28:18 274949 2016-03-30T12:05:00    2600   9      2      31 
2016-03-31T06:28:18 280556 2016-03-30T18:19:00    935    12     4      32 
2016-03-31T06:28:18 280532 2016-03-30T12:51:00    14500  91     22     33 
2016-03-31T06:28:18 280534 2016-03-30T13:01:00    690    4      1      34 
2016-03-31T06:28:18 280504 2016-03-30T10:55:00    4900   29     12     35 
2016-03-31T06:38:28 280520 2016-03-30T11:28:00    15300  187    66     1  
2016-03-31T06:38:28 280560 2016-03-30T21:06:00    32500  80     119    2  
2016-03-31T06:38:28 280488 2016-03-30T08:08:00    8300   224    49     3  
2016-03-31T06:38:28 280518 2016-03-30T17:34:00    7600   6      9      4  
2016-03-31T06:38:28 280528 2016-03-30T12:15:00    7000   53     34     5  
2016-03-31T06:38:28 280346 2016-03-30T12:59:00    2500   39     2      6  
2016-03-31T06:38:28 280516 2016-03-30T11:25:00    13300  98     12     7  
2016-03-31T06:38:28 280506 2016-03-30T10:05:00    1900   2      0      8  
2016-03-31T06:38:28 280546 2016-03-30T16:06:00    12300  10     99     9  
2016-03-31T06:38:28 280544 2016-03-30T16:19:00    4100   11     2      10 
2016-03-31T06:38:28 280446 2016-03-30T14:02:00    2100   15     0      11 
2016-03-31T06:38:28 278897 2016-03-30T09:27:00    3100   28     1      12 
2016-03-31T06:38:28 280524 2016-03-30T11:57:00    2000   7      5      13 
2016-03-31T06:38:28 280512 2016-03-30T10:58:00    3100   46     32     14 
2016-03-31T06:38:28 280536 2016-03-30T13:03:00    2400   43     10     15 
2016-03-31T06:38:28 280542 2016-03-30T15:36:00    5900   26     56     16 
2016-03-31T06:38:28 280548 2016-03-30T16:40:00    1900   20     1      17 
2016-03-31T06:38:28 280500 2016-03-30T14:39:00    2500   28     0      18 
2016-03-31T06:38:28 280510 2016-03-30T10:49:00    3200   28     3      19 
2016-03-31T06:38:28 280526 2016-03-30T14:28:00    3100   19     0      20 
2016-03-31T06:38:28 280033 2016-03-30T18:49:00    2600   29     2      21 
2016-03-31T06:38:28 280460 2016-03-30T09:16:00    1100   19     3      22 
2016-03-31T06:38:28 280440 2016-03-30T11:38:00    2100   10     10     23 
2016-03-31T06:38:28 280200 2016-03-30T13:37:00    5600   32     4      24 
2016-03-31T06:38:28 280514 2016-03-30T11:07:00    5400   90     1      25 
2016-03-31T06:38:28 280538 2016-03-30T14:58:00    3100   28     14     26 
2016-03-31T06:38:28 280476 2016-03-30T13:44:00    2300   41     0      27 
2016-03-31T06:38:28 280498 2016-03-30T10:06:00    3200   34     9      28 
2016-03-31T06:38:28 280552 2016-03-30T17:42:00    388    2      0      29 
2016-03-31T06:38:28 280508 2016-03-30T10:14:00    598    8      3      30 
2016-03-31T06:38:28 274949 2016-03-30T12:05:00    2600   9      2      31 
2016-03-31T06:38:28 280556 2016-03-30T18:19:00    946    12     4      32 
2016-03-31T06:38:28 280532 2016-03-30T12:51:00    14500  91     22     33 
2016-03-31T06:38:28 280534 2016-03-30T13:01:00    692    4      1      34 
2016-03-31T06:38:28 280504 2016-03-30T10:55:00    5000   29     12     35 
2016-03-31T06:48:37 280520 2016-03-30T11:28:00    15400  188    66     1  
2016-03-31T06:48:37 280560 2016-03-30T21:06:00    33200  82     119    2  
2016-03-31T06:48:37 280488 2016-03-30T08:08:00    8300   224    49     3  
2016-03-31T06:48:37 280518 2016-03-30T17:34:00    7600   6      9      4  
2016-03-31T06:48:37 280528 2016-03-30T12:15:00    7000   53     34     5  
2016-03-31T06:48:37 280346 2016-03-30T12:59:00    2500   39     2      6  
2016-03-31T06:48:37 280516 2016-03-30T11:25:00    13400  98     12     7  
2016-03-31T06:48:37 280506 2016-03-30T10:05:00    1900   2      0      8  
2016-03-31T06:48:37 280546 2016-03-30T16:06:00    12400  10     100    9  
2016-03-31T06:48:37 280544 2016-03-30T16:19:00    4100   11     2      10 
2016-03-31T06:48:37 280446 2016-03-30T14:02:00    2100   15     0      11 
2016-03-31T06:48:37 278897 2016-03-30T09:27:00    3100   28     1      12 
2016-03-31T06:48:37 280524 2016-03-30T11:57:00    2000   7      5      13 
2016-03-31T06:48:37 280512 2016-03-30T10:58:00    3100   46     32     14 
2016-03-31T06:48:37 280536 2016-03-30T13:03:00    2400   43     10     15 
2016-03-31T06:48:37 280542 2016-03-30T15:36:00    5900   26     56     16 
2016-03-31T06:48:37 280548 2016-03-30T16:40:00    1900   21     1      17 
2016-03-31T06:48:37 280500 2016-03-30T14:39:00    2500   28     0      18 
2016-03-31T06:48:37 280510 2016-03-30T10:49:00    3300   28     3      19 
2016-03-31T06:48:37 280526 2016-03-30T14:28:00    3200   19     0      20 
2016-03-31T06:48:37 280033 2016-03-30T18:49:00    2700   29     2      21 
2016-03-31T06:48:37 280460 2016-03-30T09:16:00    1100   19     3      22 
2016-03-31T06:48:37 280440 2016-03-30T11:38:00    2100   10     10     23 
2016-03-31T06:48:37 280200 2016-03-30T13:37:00    5600   33     4      24 
2016-03-31T06:48:37 280514 2016-03-30T11:07:00    5400   90     1      25 
2016-03-31T06:48:37 280538 2016-03-30T14:58:00    3200   28     14     26 
2016-03-31T06:48:37 280476 2016-03-30T13:44:00    2400   41     0      27 
2016-03-31T06:48:37 280508 2016-03-30T10:14:00    600    8      3      28 
2016-03-31T06:48:37 280556 2016-03-30T18:19:00    953    13     4      29 
2016-03-31T06:48:37 280552 2016-03-30T17:42:00    390    2      0      30 
2016-03-31T06:48:37 280498 2016-03-30T10:06:00    3200   34     9      31 
2016-03-31T06:48:37 274949 2016-03-30T12:05:00    2600   9      2      32 
2016-03-31T06:48:37 280532 2016-03-30T12:51:00    14600  92     22     33 
2016-03-31T06:48:37 280534 2016-03-30T13:01:00    693    4      1      34 
2016-03-31T06:48:37 280504 2016-03-30T10:55:00    5000   29     12     35 
2016-03-31T06:58:48 280520 2016-03-30T11:28:00    15400  189    66     1  
2016-03-31T06:58:48 280560 2016-03-30T21:06:00    34100  86     119    2  
2016-03-31T06:58:48 280488 2016-03-30T08:08:00    8300   225    49     3  
2016-03-31T06:58:48 280518 2016-03-30T17:34:00    7600   7      9      4  
2016-03-31T06:58:48 280528 2016-03-30T12:15:00    7000   53     34     5  
2016-03-31T06:58:48 280346 2016-03-30T12:59:00    2500   39     2      6  
2016-03-31T06:58:48 280516 2016-03-30T11:25:00    13400  99     12     7  
2016-03-31T06:58:48 280506 2016-03-30T10:05:00    1900   2      0      8  
2016-03-31T06:58:48 280546 2016-03-30T16:06:00    12500  11     100    9  
2016-03-31T06:58:48 280544 2016-03-30T16:19:00    4100   11     2      10 
2016-03-31T06:58:48 280446 2016-03-30T14:02:00    2100   15     0      11 
2016-03-31T06:58:48 278897 2016-03-30T09:27:00    3100   28     1      12 
2016-03-31T06:58:48 280524 2016-03-30T11:57:00    2000   7      5      13 
2016-03-31T06:58:48 280512 2016-03-30T10:58:00    3100   47     32     14 
2016-03-31T06:58:48 280536 2016-03-30T13:03:00    2400   43     10     15 
2016-03-31T06:58:48 280542 2016-03-30T15:36:00    5900   28     56     16 
2016-03-31T06:58:48 280548 2016-03-30T16:40:00    1900   23     1      17 
2016-03-31T06:58:48 280500 2016-03-30T14:39:00    2600   28     0      18 
2016-03-31T06:58:48 280510 2016-03-30T10:49:00    3300   28     3      19 
2016-03-31T06:58:48 280526 2016-03-30T14:28:00    3200   19     0      20 
2016-03-31T06:58:48 280033 2016-03-30T18:49:00    2800   29     2      21 
2016-03-31T06:58:48 280460 2016-03-30T09:16:00    1100   19     3      22 
2016-03-31T06:58:48 280440 2016-03-30T11:38:00    2100   10     10     23 
2016-03-31T06:58:48 280200 2016-03-30T13:37:00    5600   33     4      24 
2016-03-31T06:58:48 280514 2016-03-30T11:07:00    5400   90     1      25 
2016-03-31T06:58:48 280538 2016-03-30T14:58:00    3200   29     14     26 
2016-03-31T06:58:48 280476 2016-03-30T13:44:00    2400   41     0      27 
2016-03-31T06:58:48 280508 2016-03-30T10:14:00    601    8      3      28 
2016-03-31T06:58:48 280556 2016-03-30T18:19:00    956    13     4      29 
2016-03-31T06:58:48 280552 2016-03-30T17:42:00    392    2      0      30 
2016-03-31T06:58:48 280498 2016-03-30T10:06:00    3200   35     9      31 
2016-03-31T06:58:48 274949 2016-03-30T12:05:00    2600   9      2      32 
2016-03-31T06:58:48 280532 2016-03-30T12:51:00    14600  93     22     33 
2016-03-31T06:58:48 280534 2016-03-30T13:01:00    697    4      1      34 
2016-03-31T06:58:48 280504 2016-03-30T10:55:00    5000   29     12     35 
2016-03-31T07:08:58 280520 2016-03-30T11:28:00    15400  190    66     1  
2016-03-31T07:08:58 280560 2016-03-30T21:06:00    35100  90     121    2  
2016-03-31T07:08:58 280488 2016-03-30T08:08:00    8400   226    49     3  
2016-03-31T07:08:58 280518 2016-03-30T17:34:00    7700   7      9      4  
2016-03-31T07:08:58 280528 2016-03-30T12:15:00    7000   56     34     5  
2016-03-31T07:08:58 280346 2016-03-30T12:59:00    2500   39     2      6  
2016-03-31T07:08:58 280516 2016-03-30T11:25:00    13400  99     12     7  
2016-03-31T07:08:58 280506 2016-03-30T10:05:00    1900   3      0      8  
2016-03-31T07:08:58 280546 2016-03-30T16:06:00    12500  10     100    9  
2016-03-31T07:08:58 280544 2016-03-30T16:19:00    4100   12     2      10 
2016-03-31T07:08:58 280446 2016-03-30T14:02:00    2100   16     0      11 
2016-03-31T07:08:58 278897 2016-03-30T09:27:00    3100   28     1      12 
2016-03-31T07:08:58 280524 2016-03-30T11:57:00    2000   8      5      13 
2016-03-31T07:08:58 280512 2016-03-30T10:58:00    3200   47     32     14 
2016-03-31T07:08:58 280536 2016-03-30T13:03:00    2400   44     10     15 
2016-03-31T07:08:58 280542 2016-03-30T15:36:00    5900   28     56     16 
2016-03-31T07:08:58 280548 2016-03-30T16:40:00    2000   23     1      17 
2016-03-31T07:08:58 280500 2016-03-30T14:39:00    2600   28     0      18 
2016-03-31T07:08:58 280510 2016-03-30T10:49:00    3300   29     3      19 
2016-03-31T07:08:58 280526 2016-03-30T14:28:00    3200   21     0      20 
2016-03-31T07:08:58 280033 2016-03-30T18:49:00    2800   29     2      21 
2016-03-31T07:08:58 280460 2016-03-30T09:16:00    1100   19     3      22 
2016-03-31T07:08:58 280440 2016-03-30T11:38:00    2100   10     10     23 
2016-03-31T07:08:58 280200 2016-03-30T13:37:00    5700   33     4      24 
2016-03-31T07:08:58 280514 2016-03-30T11:07:00    5400   92     1      25 
2016-03-31T07:08:58 280538 2016-03-30T14:58:00    3200   30     14     26 
2016-03-31T07:08:58 280476 2016-03-30T13:44:00    2400   42     0      27 
2016-03-31T07:08:58 280508 2016-03-30T10:14:00    603    8      3      28 
2016-03-31T07:08:58 280556 2016-03-30T18:19:00    965    14     4      29 
2016-03-31T07:08:58 280552 2016-03-30T17:42:00    396    2      0      30 
2016-03-31T07:08:58 280498 2016-03-30T10:06:00    3200   36     9      31 
2016-03-31T07:08:58 274949 2016-03-30T12:05:00    2600   10     2      32 
2016-03-31T07:08:58 280532 2016-03-30T12:51:00    14600  94     22     33 
2016-03-31T07:08:58 280534 2016-03-30T13:01:00    704    4      1      34 
2016-03-31T07:08:58 280504 2016-03-30T10:55:00    5000   30     12     35 
2016-03-31T07:19:07 280520 2016-03-30T11:28:00    15500  190    66     1  
2016-03-31T07:19:07 280560 2016-03-30T21:06:00    36000  92     123    2  
2016-03-31T07:19:07 280488 2016-03-30T08:08:00    8400   226    49     3  
2016-03-31T07:19:07 280518 2016-03-30T17:34:00    7700   7      9      4  
2016-03-31T07:19:07 280528 2016-03-30T12:15:00    7100   56     34     5  
2016-03-31T07:19:07 280346 2016-03-30T12:59:00    2500   39     2      6  
2016-03-31T07:19:07 280516 2016-03-30T11:25:00    13500  99     12     7  
2016-03-31T07:19:07 280506 2016-03-30T10:05:00    1900   3      0      8  
2016-03-31T07:19:07 280546 2016-03-30T16:06:00    12600  10     100    9  
2016-03-31T07:19:07 280544 2016-03-30T16:19:00    4200   12     2      10 
2016-03-31T07:19:07 280446 2016-03-30T14:02:00    2100   16     0      11 
2016-03-31T07:19:07 278897 2016-03-30T09:27:00    3100   28     1      12 
2016-03-31T07:19:07 280524 2016-03-30T11:57:00    2000   8      5      13 
2016-03-31T07:19:07 280512 2016-03-30T10:58:00    3200   47     32     14 
2016-03-31T07:19:07 280536 2016-03-30T13:03:00    2400   44     10     15 
2016-03-31T07:19:07 280542 2016-03-30T15:36:00    5900   28     56     16 
2016-03-31T07:19:07 280548 2016-03-30T16:40:00    2000   23     1      17 
2016-03-31T07:19:07 280500 2016-03-30T14:39:00    2600   28     0      18 
2016-03-31T07:19:07 280510 2016-03-30T10:49:00    3300   29     3      19 
2016-03-31T07:19:07 280526 2016-03-30T14:28:00    3200   21     0      20 
2016-03-31T07:19:07 280033 2016-03-30T18:49:00    2900   29     2      21 
2016-03-31T07:19:07 280460 2016-03-30T09:16:00    1100   19     3      22 
2016-03-31T07:19:07 280440 2016-03-30T11:38:00    2100   10     10     23 
2016-03-31T07:19:07 280200 2016-03-30T13:37:00    5700   33     4      24 
2016-03-31T07:19:07 280514 2016-03-30T11:07:00    5400   92     1      25 
2016-03-31T07:19:07 280538 2016-03-30T14:58:00    3200   31     14     26 
2016-03-31T07:19:07 280476 2016-03-30T13:44:00    2400   42     0      27 
2016-03-31T07:19:07 280508 2016-03-30T10:14:00    604    8      3      28 
2016-03-31T07:19:07 280556 2016-03-30T18:19:00    971    14     4      29 
2016-03-31T07:19:07 280552 2016-03-30T17:42:00    397    2      0      30 
2016-03-31T07:19:07 280498 2016-03-30T10:06:00    3300   36     9      31 
2016-03-31T07:19:07 274949 2016-03-30T12:05:00    2600   10     2      32 
2016-03-31T07:19:07 280532 2016-03-30T12:51:00    14700  94     22     33 
2016-03-31T07:19:07 280534 2016-03-30T13:01:00    705    4      1      34 
2016-03-31T07:19:07 280504 2016-03-30T10:55:00    5000   30     12     35 
2016-03-31T07:29:17 280520 2016-03-30T11:28:00    15500  190    66     1  
2016-03-31T07:29:17 280560 2016-03-30T21:06:00    36800  93     124    2  
2016-03-31T07:29:17 280488 2016-03-30T08:08:00    8400   226    49     3  
2016-03-31T07:29:17 280518 2016-03-30T17:34:00    7700   7      9      4  
2016-03-31T07:29:17 280528 2016-03-30T12:15:00    7100   56     34     5  
2016-03-31T07:29:17 280346 2016-03-30T12:59:00    2500   39     2      6  
2016-03-31T07:29:17 280516 2016-03-30T11:25:00    13500  100    12     7  
2016-03-31T07:29:17 280506 2016-03-30T10:05:00    2000   3      0      8  
2016-03-31T07:29:17 280546 2016-03-30T16:06:00    12700  10     100    9  
2016-03-31T07:29:17 280544 2016-03-30T16:19:00    4200   12     2      10 
2016-03-31T07:29:17 280446 2016-03-30T14:02:00    2100   16     0      11 
2016-03-31T07:29:17 278897 2016-03-30T09:27:00    3100   28     1      12 
2016-03-31T07:29:17 280524 2016-03-30T11:57:00    2000   8      5      13 
2016-03-31T07:29:17 280512 2016-03-30T10:58:00    3200   47     32     14 
2016-03-31T07:29:17 280536 2016-03-30T13:03:00    2400   44     10     15 
2016-03-31T07:29:17 280542 2016-03-30T15:36:00    6000   28     56     16 
2016-03-31T07:29:17 280548 2016-03-30T16:40:00    2000   23     1      17 
2016-03-31T07:29:17 280500 2016-03-30T14:39:00    2600   28     0      18 
2016-03-31T07:29:17 280526 2016-03-30T14:28:00    3200   21     0      19 
2016-03-31T07:29:17 280033 2016-03-30T18:49:00    3100   30     2      20 
2016-03-31T07:29:17 280510 2016-03-30T10:49:00    3300   29     3      21 
2016-03-31T07:29:17 280440 2016-03-30T11:38:00    2100   10     10     22 
2016-03-31T07:29:17 280460 2016-03-30T09:16:00    1100   19     3      23 
2016-03-31T07:29:17 280538 2016-03-30T14:58:00    3300   31     14     24 
2016-03-31T07:29:17 280200 2016-03-30T13:37:00    5700   33     4      25 
2016-03-31T07:29:17 280514 2016-03-30T11:07:00    5500   92     1      26 
2016-03-31T07:29:17 280476 2016-03-30T13:44:00    2500   42     0      27 
2016-03-31T07:29:17 280508 2016-03-30T10:14:00    605    8      3      28 
2016-03-31T07:29:17 280556 2016-03-30T18:19:00    980    14     4      29 
2016-03-31T07:29:17 280552 2016-03-30T17:42:00    398    2      0      30 
2016-03-31T07:29:17 280498 2016-03-30T10:06:00    3300   37     9      31 
2016-03-31T07:29:17 274949 2016-03-30T12:05:00    2600   10     2      32 
2016-03-31T07:29:17 280532 2016-03-30T12:51:00    14700  94     22     33 
2016-03-31T07:29:17 280534 2016-03-30T13:01:00    707    4      1      34 
2016-03-31T07:29:17 280504 2016-03-30T10:55:00    5000   31     12     35 
2016-03-31T07:39:27 280520 2016-03-30T11:28:00    15600  190    66     1  
2016-03-31T07:39:27 280560 2016-03-30T21:06:00    38100  96     125    2  
2016-03-31T07:39:27 280488 2016-03-30T08:08:00    8400   227    49     3  
2016-03-31T07:39:27 280518 2016-03-30T17:34:00    7800   7      9      4  
2016-03-31T07:39:27 280528 2016-03-30T12:15:00    7100   56     34     5  
2016-03-31T07:39:27 280346 2016-03-30T12:59:00    2500   39     2      6  
2016-03-31T07:39:27 280516 2016-03-30T11:25:00    13600  100    12     7  
2016-03-31T07:39:27 280506 2016-03-30T10:05:00    2000   3      0      8  
2016-03-31T07:39:27 280546 2016-03-30T16:06:00    12700  10     100    9  
2016-03-31T07:39:27 280544 2016-03-30T16:19:00    4200   12     2      10 
2016-03-31T07:39:27 280446 2016-03-30T14:02:00    2100   16     0      11 
2016-03-31T07:39:27 278897 2016-03-30T09:27:00    3100   28     1      12 
2016-03-31T07:39:27 280524 2016-03-30T11:57:00    2000   8      5      13 
2016-03-31T07:39:27 280512 2016-03-30T10:58:00    3200   47     32     14 
2016-03-31T07:39:27 280536 2016-03-30T13:03:00    2400   44     10     15 
2016-03-31T07:39:27 280542 2016-03-30T15:36:00    6000   28     56     16 
2016-03-31T07:39:27 280548 2016-03-30T16:40:00    2000   23     1      17 
2016-03-31T07:39:27 280500 2016-03-30T14:39:00    2600   28     0      18 
2016-03-31T07:39:27 280526 2016-03-30T14:28:00    3300   21     0      19 
2016-03-31T07:39:27 280033 2016-03-30T18:49:00    3200   31     2      20 
2016-03-31T07:39:27 280510 2016-03-30T10:49:00    3300   29     3      21 
2016-03-31T07:39:27 280440 2016-03-30T11:38:00    2100   10     10     22 
2016-03-31T07:39:27 280460 2016-03-30T09:16:00    1100   19     3      23 
2016-03-31T07:39:27 280538 2016-03-30T14:58:00    3300   31     14     24 
2016-03-31T07:39:27 280200 2016-03-30T13:37:00    5700   33     4      25 
2016-03-31T07:39:27 280514 2016-03-30T11:07:00    5500   92     1      26 
2016-03-31T07:39:27 280476 2016-03-30T13:44:00    2500   42     0      27 
2016-03-31T07:39:27 280508 2016-03-30T10:14:00    607    8      3      28 
2016-03-31T07:39:27 280556 2016-03-30T18:19:00    986    14     4      29 
2016-03-31T07:39:27 280552 2016-03-30T17:42:00    400    2      0      30 
2016-03-31T07:39:27 280498 2016-03-30T10:06:00    3300   37     9      31 
2016-03-31T07:39:27 274949 2016-03-30T12:05:00    2600   10     2      32 
2016-03-31T07:39:27 280532 2016-03-30T12:51:00    14800  95     22     33 
2016-03-31T07:39:27 280534 2016-03-30T13:01:00    711    4      1      34 
2016-03-31T07:39:27 280504 2016-03-30T10:55:00    5000   31     12     35 
